t = zeros(1,10);
t(3:7)=100;
